
DELETE FROM `creature` WHERE (`id1` = 28660) AND (`guid` IN (129474, 129475, 129476, 129477, 129478, 129479));
INSERT INTO `creature` (`guid`, `id1`, `id2`, `id3`, `map`, `zoneId`, `areaId`, `spawnMask`, `phaseMask`, `equipment_id`, `position_x`, `position_y`, `position_z`, `orientation`, `spawntimesecs`, `wander_distance`, `currentwaypoint`, `curhealth`, `curmana`, `MovementType`, `npcflag`, `unit_flags`, `dynamicflags`, `ScriptName`, `VerifiedBuild`) VALUES
(129474, 28660, 0, 0, 609, 0, 0, 1, 2, 0, 1669.46, -5946.52, 126.585, 5.86431, 360, 0, 0, 850, 878, 0, 0, 0, 0, '', 0),
(129475, 28660, 0, 0, 609, 0, 0, 1, 2, 0, 1674.74, -5945.13, 126.929, 5.14872, 360, 0, 0, 850, 878, 0, 0, 0, 0, '', 0),
(129476, 28660, 0, 0, 609, 0, 0, 1, 2, 0, 1667.31, -5944.62, 126.128, 5.77704, 360, 0, 0, 850, 878, 0, 0, 0, 0, '', 0),
(129477, 28660, 0, 0, 609, 0, 0, 1, 2, 0, 1685.58, -5934.78, 124.086, 4.34587, 360, 0, 0, 850, 878, 0, 0, 0, 0, '', 0),
(129478, 28660, 0, 0, 609, 0, 0, 1, 2, 0, 1681.31, -5942.4, 125.808, 4.4855, 360, 0, 0, 850, 878, 0, 0, 0, 0, '', 0),
(129479, 28660, 0, 0, 609, 0, 0, 1, 2, 0, 1681.75, -5934.76, 124.701, 4.55531, 360, 0, 0, 850, 878, 0, 0, 0, 0, '', 0);


DELETE FROM `creature` WHERE (`id1` = 28560) AND (`guid` IN (128800, 128801, 128802));
INSERT INTO `creature` (`guid`, `id1`, `id2`, `id3`, `map`, `zoneId`, `areaId`, `spawnMask`, `phaseMask`, `equipment_id`, `position_x`, `position_y`, `position_z`, `orientation`, `spawntimesecs`, `wander_distance`, `currentwaypoint`, `curhealth`, `curmana`, `MovementType`, `npcflag`, `unit_flags`, `dynamicflags`, `ScriptName`, `VerifiedBuild`) VALUES
(128800, 28560, 0, 0, 609, 0, 0, 1, 2, 0, 1684.73, -5939.66, 124.951, 4.2586, 360, 0, 0, 1710, 1750, 0, 0, 0, 0, '', 0),
(128801, 28560, 0, 0, 609, 0, 0, 1, 2, 0, 1676.61, -5932.51, 124.778, 4.85202, 360, 0, 0, 1710, 1750, 0, 0, 0, 0, '', 0),
(128802, 28560, 0, 0, 609, 0, 0, 1, 2, 0, 1670.61, -5942.23, 126.206, 5.48033, 360, 0, 0, 1710, 1750, 0, 0, 0, 0, '', 0);


DELETE FROM `creature` WHERE (`id1` = 28559) AND (`guid` IN (128797, 128798, 128799));
INSERT INTO `creature` (`guid`, `id1`, `id2`, `id3`, `map`, `zoneId`, `areaId`, `spawnMask`, `phaseMask`, `equipment_id`, `position_x`, `position_y`, `position_z`, `orientation`, `spawntimesecs`, `wander_distance`, `currentwaypoint`, `curhealth`, `curmana`, `MovementType`, `npcflag`, `unit_flags`, `dynamicflags`, `ScriptName`, `VerifiedBuild`) VALUES
(128797, 28559, 0, 0, 609, 0, 0, 1, 2, 0, 1673.96, -5940.56, 126.23, 5.18363, 360, 0, 0, 1180, 1236, 0, 0, 0, 0, '', 0),
(128798, 28559, 0, 0, 609, 0, 0, 1, 2, 0, 1668.01, -5951.59, 127.549, 0.05236, 360, 0, 0, 1180, 1236, 0, 0, 0, 0, '', 0),
(128799, 28559, 0, 0, 609, 0, 0, 1, 2, 0, 1675.23, -5937.06, 125.632, 4.99164, 360, 0, 0, 1180, 1236, 0, 0, 0, 0, '', 0);


DELETE FROM `creature` WHERE (`id1` = 28662) AND (`guid` IN (129483, 129484, 129485, 129486, 129487, 129488, 129489, 129490, 129491));
INSERT INTO `creature` (`guid`, `id1`, `id2`, `id3`, `map`, `zoneId`, `areaId`, `spawnMask`, `phaseMask`, `equipment_id`, `position_x`, `position_y`, `position_z`, `orientation`, `spawntimesecs`, `wander_distance`, `currentwaypoint`, `curhealth`, `curmana`, `MovementType`, `npcflag`, `unit_flags`, `dynamicflags`, `ScriptName`, `VerifiedBuild`) VALUES
(129483, 28662, 0, 0, 609, 0, 0, 1, 2, 0, 1678.87, -5938.73, 125.701, 4.76475, 360, 0, 0, 928, 963, 0, 0, 0, 0, '', 0),
(129484, 28662, 0, 0, 609, 0, 0, 1, 2, 0, 1669.83, -5939.31, 125.704, 5.39307, 360, 0, 0, 928, 963, 0, 0, 0, 0, '', 0),
(129485, 28662, 0, 0, 609, 0, 0, 1, 2, 0, 1672.53, -5950.33, 127.895, 6.12611, 360, 0, 0, 928, 963, 0, 0, 0, 0, '', 0),
(129486, 28662, 0, 0, 609, 0, 0, 1, 2, 0, 1683.84, -5946.81, 126.6, 3.90954, 360, 0, 0, 928, 963, 0, 0, 0, 0, '', 0),
(129487, 28662, 0, 0, 609, 0, 0, 1, 2, 0, 1675.87, -5948.99, 127.904, 5.42797, 360, 0, 0, 928, 963, 0, 0, 0, 0, '', 0),
(129488, 28662, 0, 0, 609, 0, 0, 1, 2, 0, 1678.39, -5945.3, 126.951, 4.86947, 360, 0, 0, 928, 963, 0, 0, 0, 0, '', 0),
(129489, 28662, 0, 0, 609, 0, 0, 1, 2, 0, 1670.84, -5936.03, 125.244, 5.23599, 360, 0, 0, 928, 963, 0, 0, 0, 0, '', 0),
(129490, 28662, 0, 0, 609, 0, 0, 1, 2, 0, 1686.26, -5943.5, 125.682, 3.94444, 360, 0, 0, 928, 963, 0, 0, 0, 0, '', 0),
(129491, 28662, 0, 0, 609, 0, 0, 1, 2, 0, 1677.54, -5941.73, 126.2, 4.88692, 360, 0, 0, 928, 963, 0, 0, 0, 0, '', 0);


DELETE FROM `creature` WHERE (`id1` = 28548) AND (`guid` IN (128752));
INSERT INTO `creature` (`guid`, `id1`, `id2`, `id3`, `map`, `zoneId`, `areaId`, `spawnMask`, `phaseMask`, `equipment_id`, `position_x`, `position_y`, `position_z`, `orientation`, `spawntimesecs`, `wander_distance`, `currentwaypoint`, `curhealth`, `curmana`, `MovementType`, `npcflag`, `unit_flags`, `dynamicflags`, `ScriptName`, `VerifiedBuild`) VALUES
(128752, 28548, 0, 0, 609, 0, 0, 1, 2, 0, 1679.31, -5951.31, 128.487, 1.85005, 360, 0, 0, 96100, 19854, 0, 0, 0, 0, '', 0);


DELETE FROM `creature` WHERE (`id1` = 28558) AND (`guid` IN (128796));
INSERT INTO `creature` (`guid`, `id1`, `id2`, `id3`, `map`, `zoneId`, `areaId`, `spawnMask`, `phaseMask`, `equipment_id`, `position_x`, `position_y`, `position_z`, `orientation`, `spawntimesecs`, `wander_distance`, `currentwaypoint`, `curhealth`, `curmana`, `MovementType`, `npcflag`, `unit_flags`, `dynamicflags`, `ScriptName`, `VerifiedBuild`) VALUES
(128796, 28558, 0, 0, 609, 0, 0, 1, 2, 0, 1677, -5951.9, 128.718, 1.71042, 360, 0, 0, 49700, 13548, 0, 0, 0, 0, '', 0);


DELETE FROM `creature` WHERE (`id1` = 28529) AND (`guid` IN (128627, 128628, 128629, 128630, 128631, 128632, 128633, 128634, 128635, 128636, 128637, 128638, 128639, 128640, 128642, 128643, 128644, 128645, 128646, 128647, 128648, 128649, 128650, 128651, 128652, 128653, 128654, 128655, 128656, 128657, 128658, 128659, 128660, 128661, 128662, 128663, 128664, 128665, 128666, 128667, 128668, 128669, 128670, 128671, 128672, 128673, 128674, 128675, 128676, 128677, 128678, 128679, 128680, 128681, 128682, 128683, 128684, 128685, 128686, 128687, 128688, 128689, 128690, 128691, 128692, 128693, 128694, 128695, 128696, 128698, 128699, 128700, 128701, 128702, 128703, 128704, 128705, 128706, 128707, 128708, 128709, 128710, 128711, 128712, 128713, 128714, 128715, 128716, 128717, 128718, 128719, 128720, 128721, 128722, 128723, 128724, 128725, 128726, 128727, 128728, 128729, 128730, 128731, 128732, 128733, 128734));
INSERT INTO `creature` (`guid`, `id1`, `id2`, `id3`, `map`, `zoneId`, `areaId`, `spawnMask`, `phaseMask`, `equipment_id`, `position_x`, `position_y`, `position_z`, `orientation`, `spawntimesecs`, `wander_distance`, `currentwaypoint`, `curhealth`, `curmana`, `MovementType`, `npcflag`, `unit_flags`, `dynamicflags`, `ScriptName`, `VerifiedBuild`) VALUES
(128627, 28529, 0, 0, 609, 0, 0, 1, 2, 1, 1832.6, -5937.27, 112.875, 0.383972, 360, 0, 0, 2453, 0, 0, 0, 0, 0, '', 0),
(128628, 28529, 0, 0, 609, 0, 0, 1, 2, 1, 1846.02, -5941.42, 117.91, 0.645772, 360, 0, 0, 2453, 0, 0, 0, 0, 0, '', 0),
(128629, 28529, 0, 0, 609, 0, 0, 1, 2, 1, 1817.91, -5916.08, 112.822, 0.191986, 360, 0, 0, 2453, 0, 0, 0, 0, 0, '', 0),
(128630, 28529, 0, 0, 609, 0, 0, 1, 2, 1, 1825.08, -5907.24, 115.992, 0, 360, 0, 0, 2453, 0, 0, 0, 0, 0, '', 0),
(128631, 28529, 0, 0, 609, 0, 0, 1, 2, 1, 1831.98, -5899.77, 115.645, 6.05629, 360, 0, 0, 2453, 0, 0, 0, 0, 0, '', 0),
(128632, 28529, 0, 0, 609, 0, 0, 1, 2, 1, 1837.29, -5890.92, 116.632, 5.74213, 360, 0, 0, 2453, 0, 0, 0, 0, 0, '', 0),
(128633, 28529, 0, 0, 609, 0, 0, 1, 2, 1, 1864.65, -5949.47, 117.165, 1.29154, 360, 0, 0, 2453, 0, 0, 0, 0, 0, '', 0),
(128634, 28529, 0, 0, 609, 0, 0, 1, 2, 1, 1873.82, -5937.14, 103.766, 1.62316, 360, 5, 0, 2453, 0, 1, 0, 0, 0, '', 0),
(128635, 28529, 0, 0, 609, 0, 0, 1, 2, 1, 1855.5, -5928.43, 105.146, 0.366519, 360, 0, 0, 2453, 0, 0, 0, 0, 0, '', 0),
(128636, 28529, 0, 0, 609, 0, 0, 1, 2, 1, 1843.39, -5900.36, 105.245, 5.95157, 360, 0, 0, 2453, 0, 0, 0, 0, 0, '', 0),
(128637, 28529, 0, 0, 609, 0, 0, 1, 2, 1, 1854.18, -5946.3, 116.235, 1.13446, 360, 0, 0, 2453, 0, 0, 0, 0, 0, '', 0),
(128638, 28529, 0, 0, 609, 0, 0, 1, 2, 1, 1848.59, -5956.67, 149.689, 2.67371, 360, 5, 0, 2453, 0, 1, 0, 0, 0, '', 0),
(128639, 28529, 0, 0, 609, 0, 0, 1, 2, 1, 1821.6, -5894.48, 149.77, 5.83084, 360, 5, 0, 2453, 0, 1, 0, 0, 0, '', 0),
(128640, 28529, 0, 0, 609, 0, 0, 1, 2, 1, 1805.4, -5849.05, 149.77, 2.26994, 360, 5, 0, 2453, 0, 1, 0, 0, 0, '', 0),
(128642, 28529, 0, 0, 609, 0, 0, 1, 2, 1, 1799.96, -5739.47, 141.191, 0.951198, 360, 5, 0, 2453, 0, 1, 0, 0, 0, '', 0),
(128643, 28529, 0, 0, 609, 0, 0, 1, 2, 1, 1657.76, -5953.32, 127.273, 3.22886, 360, 0, 0, 2453, 0, 0, 0, 0, 0, '', 0),
(128644, 28529, 0, 0, 609, 0, 0, 1, 2, 1, 1658.54, -5945.25, 125.53, 3.33358, 360, 0, 0, 2453, 0, 0, 0, 0, 0, '', 0),
(128645, 28529, 0, 0, 609, 0, 0, 1, 2, 1, 1658.86, -5937.66, 124.387, 3.14159, 360, 0, 0, 2453, 0, 0, 0, 0, 0, '', 0),
(128646, 28529, 0, 0, 609, 0, 0, 1, 2, 1, 1647.96, -5939.87, 123.524, 0.10472, 360, 0, 0, 2453, 0, 0, 0, 0, 0, '', 0),
(128647, 28529, 0, 0, 609, 0, 0, 1, 2, 1, 1648.65, -5929.09, 121.185, 0.087266, 360, 0, 0, 2453, 0, 0, 0, 0, 0, '', 0),
(128648, 28529, 0, 0, 609, 0, 0, 1, 2, 1, 1660.38, -5928.7, 122.59, 3.32732, 360, 0, 0, 2453, 0, 0, 0, 0, 0, '', 0),
(128649, 28529, 0, 0, 609, 0, 0, 1, 2, 1, 1646.75, -5919.73, 118.17, 0.872665, 360, 0, 0, 2453, 0, 0, 0, 0, 0, '', 0),
(128650, 28529, 0, 0, 609, 0, 0, 1, 2, 1, 1645.66, -5906.92, 116.209, 5.65487, 360, 0, 0, 2453, 0, 0, 0, 0, 0, '', 0),
(128651, 28529, 0, 0, 609, 0, 0, 1, 2, 1, 1646.49, -5976.73, 132.879, 1.309, 360, 0, 0, 2453, 0, 0, 0, 0, 0, '', 0),
(128652, 28529, 0, 0, 609, 0, 0, 1, 2, 1, 1765.18, -5803.39, 116.425, 4.83456, 360, 0, 0, 2453, 0, 0, 0, 0, 0, '', 0),
(128653, 28529, 0, 0, 609, 0, 0, 1, 2, 1, 1769.46, -5802.91, 116.25, 4.79965, 360, 0, 0, 2453, 0, 0, 0, 0, 0, '', 0),
(128654, 28529, 0, 0, 609, 0, 0, 1, 2, 1, 1774.28, -5802.38, 116, 4.85202, 360, 0, 0, 2453, 0, 0, 0, 0, 0, '', 0),
(128655, 28529, 0, 0, 609, 0, 0, 1, 2, 1, 1778.21, -5801.99, 115.627, 4.79965, 360, 0, 0, 2453, 0, 0, 0, 0, 0, '', 0),
(128656, 28529, 0, 0, 609, 0, 0, 1, 2, 1, 1782.62, -5801.34, 115.251, 4.81711, 360, 0, 0, 2453, 0, 0, 0, 0, 0, '', 0),
(128657, 28529, 0, 0, 609, 0, 0, 1, 2, 1, 1764.54, -5798.81, 116.291, 4.83456, 360, 0, 0, 2453, 0, 0, 0, 0, 0, '', 0),
(128658, 28529, 0, 0, 609, 0, 0, 1, 2, 1, 1768.88, -5797.83, 116.259, 4.79965, 360, 0, 0, 2453, 0, 0, 0, 0, 0, '', 0),
(128659, 28529, 0, 0, 609, 0, 0, 1, 2, 1, 1773.98, -5797.73, 116.017, 4.81711, 360, 0, 0, 2453, 0, 0, 0, 0, 0, '', 0),
(128660, 28529, 0, 0, 609, 0, 0, 1, 2, 1, 1778.15, -5797.83, 116.018, 4.7822, 360, 0, 0, 2453, 0, 0, 0, 0, 0, '', 0),
(128661, 28529, 0, 0, 609, 0, 0, 1, 2, 1, 1782.6, -5797.51, 115.891, 4.7822, 360, 0, 0, 2453, 0, 0, 0, 0, 0, '', 0),
(128662, 28529, 0, 0, 609, 0, 0, 1, 2, 1, 1655.12, -5998.2, 133.6, 3.04102, 360, 0, 0, 2453, 0, 0, 0, 0, 0, '', 0),
(128663, 28529, 0, 0, 609, 0, 0, 1, 2, 1, 1652.56, -5838.48, 116.141, 5.96903, 360, 0, 0, 2453, 0, 0, 0, 0, 0, '', 0),
(128664, 28529, 0, 0, 609, 0, 0, 1, 2, 1, 1652, -5846.76, 116.141, 6.21337, 360, 0, 0, 2453, 0, 0, 0, 0, 0, '', 0),
(128665, 28529, 0, 0, 609, 0, 0, 1, 2, 1, 1688.92, -5842.26, 116.254, 0.767945, 360, 0, 0, 2453, 0, 0, 0, 0, 0, '', 0),
(128666, 28529, 0, 0, 609, 0, 0, 1, 2, 1, 1664.13, -5870.51, 116.262, 0.418879, 360, 0, 0, 2453, 0, 0, 0, 0, 0, '', 0),
(128667, 28529, 0, 0, 609, 0, 0, 1, 2, 1, 1656.1, -5804.93, 116.247, 0.296706, 360, 0, 0, 2453, 0, 0, 0, 0, 0, '', 0),
(128668, 28529, 0, 0, 609, 0, 0, 1, 2, 1, 1646.63, -5997.34, 133.6, 1.44862, 360, 0, 0, 2453, 0, 0, 0, 0, 0, '', 0),
(128669, 28529, 0, 0, 609, 0, 0, 1, 2, 1, 1801.69, -5985.66, 115.851, 1.41372, 360, 0, 0, 2453, 0, 0, 0, 0, 0, '', 0),
(128670, 28529, 0, 0, 609, 0, 0, 1, 2, 1, 1728.17, -5875.48, 116.247, 3.05433, 360, 0, 0, 2453, 0, 0, 0, 0, 0, '', 0),
(128671, 28529, 0, 0, 609, 0, 0, 1, 2, 1, 1728.16, -5868.73, 116.247, 3.1765, 360, 0, 0, 2453, 0, 0, 0, 0, 0, '', 0),
(128672, 28529, 0, 0, 609, 0, 0, 1, 2, 1, 1705.21, -5878.94, 116.247, 2.89725, 360, 0, 0, 2453, 0, 0, 0, 0, 0, '', 0),
(128673, 28529, 0, 0, 609, 0, 0, 1, 2, 1, 1706.2, -5863.91, 116.247, 3.35103, 360, 0, 0, 2453, 0, 0, 0, 0, 0, '', 0),
(128674, 28529, 0, 0, 609, 0, 0, 1, 2, 1, 1733.59, -5893.4, 116.255, 3.87463, 360, 0, 0, 2453, 0, 0, 0, 0, 0, '', 0),
(128675, 28529, 0, 0, 609, 0, 0, 1, 2, 1, 1598.74, -5770.93, 116.122, 5.28835, 360, 0, 0, 2453, 0, 0, 0, 0, 0, '', 0),
(128676, 28529, 0, 0, 609, 0, 0, 1, 2, 1, 1618.87, -5760.91, 116.252, 5.0091, 360, 0, 0, 2453, 0, 0, 0, 0, 0, '', 0),
(128677, 28529, 0, 0, 609, 0, 0, 1, 2, 1, 1598.49, -5759.24, 119.253, 5.21853, 360, 0, 0, 2453, 0, 0, 0, 0, 0, '', 0),
(128678, 28529, 0, 0, 609, 0, 0, 1, 2, 1, 1609.2, -5754.45, 119.277, 5.11381, 360, 0, 0, 2453, 0, 0, 0, 0, 0, '', 0),
(128679, 28529, 0, 0, 609, 0, 0, 1, 2, 1, 1600.55, -5741.91, 119.254, 5.13127, 360, 0, 0, 2453, 0, 0, 0, 0, 0, '', 0),
(128680, 28529, 0, 0, 609, 0, 0, 1, 2, 1, 1592.52, -5745.09, 119.291, 5.34071, 360, 0, 0, 2453, 0, 0, 0, 0, 0, '', 0),
(128681, 28529, 0, 0, 609, 0, 0, 1, 2, 1, 1595.87, -5771.4, 116.122, 5.41052, 360, 0, 0, 2453, 0, 0, 0, 0, 0, '', 0),
(128682, 28529, 0, 0, 609, 0, 0, 1, 2, 1, 1620.51, -5757.24, 116.534, 5.20108, 360, 0, 0, 2453, 0, 0, 0, 0, 0, '', 0),
(128683, 28529, 0, 0, 609, 0, 0, 1, 2, 1, 1601.18, -5738.64, 119.855, 5.13127, 360, 0, 0, 2453, 0, 0, 0, 0, 0, '', 0),
(128684, 28529, 0, 0, 609, 0, 0, 1, 2, 1, 1590.19, -5744.75, 119.883, 5.23599, 360, 0, 0, 2453, 0, 0, 0, 0, 0, '', 0),
(128685, 28529, 0, 0, 609, 0, 0, 1, 2, 1, 1646.92, -5964.98, 130.824, 1.37881, 360, 0, 0, 2453, 0, 0, 0, 0, 0, '', 0),
(128686, 28529, 0, 0, 609, 0, 0, 1, 2, 1, 1811.97, -6001.4, 117.758, 4.64698, 360, 5, 0, 2453, 0, 1, 0, 0, 0, '', 0),
(128687, 28529, 0, 0, 609, 0, 0, 1, 2, 1, 1775.02, -5840.03, 117.023, 1.69297, 360, 0, 0, 2453, 0, 0, 0, 0, 0, '', 0),
(128688, 28529, 0, 0, 609, 0, 0, 1, 2, 1, 1769.94, -5840.49, 116.784, 1.69297, 360, 0, 0, 2453, 0, 0, 0, 0, 0, '', 0),
(128689, 28529, 0, 0, 609, 0, 0, 1, 2, 1, 1765.1, -5841.09, 116.581, 1.65806, 360, 0, 0, 2453, 0, 0, 0, 0, 0, '', 0),
(128690, 28529, 0, 0, 609, 0, 0, 1, 2, 1, 1761.32, -5841.41, 116.706, 1.65806, 360, 0, 0, 2453, 0, 0, 0, 0, 0, '', 0),
(128691, 28529, 0, 0, 609, 0, 0, 1, 2, 1, 1757.24, -5841.95, 117.226, 1.6057, 360, 0, 0, 2453, 0, 0, 0, 0, 0, '', 0),
(128692, 28529, 0, 0, 609, 0, 0, 1, 2, 1, 1757.56, -5838.92, 116.833, 1.64061, 360, 0, 0, 2453, 0, 0, 0, 0, 0, '', 0),
(128693, 28529, 0, 0, 609, 0, 0, 1, 2, 1, 1761.23, -5838.27, 116.581, 1.69297, 360, 0, 0, 2453, 0, 0, 0, 0, 0, '', 0),
(128694, 28529, 0, 0, 609, 0, 0, 1, 2, 1, 1764.97, -5837.6, 116.459, 1.69297, 360, 0, 0, 2453, 0, 0, 0, 0, 0, '', 0),
(128695, 28529, 0, 0, 609, 0, 0, 1, 2, 1, 1769.5, -5837.23, 116.662, 1.71042, 360, 0, 0, 2453, 0, 0, 0, 0, 0, '', 0),
(128696, 28529, 0, 0, 609, 0, 0, 1, 2, 1, 1774.28, -5836.26, 116.907, 1.78024, 360, 0, 0, 2453, 0, 0, 0, 0, 0, '', 0),
(128698, 28529, 0, 0, 609, 0, 0, 1, 2, 1, 1387.19, -5708.09, 136.351, 5.68977, 360, 0, 0, 2453, 0, 0, 0, 0, 0, '', 0),
(128699, 28529, 0, 0, 609, 0, 0, 1, 2, 1, 1392.3, -5701.55, 135.851, 5.44543, 360, 0, 0, 2453, 0, 0, 0, 0, 0, '', 0),
(128700, 28529, 0, 0, 609, 0, 0, 1, 2, 1, 1381.48, -5726.02, 144.601, 0.785398, 360, 0, 0, 2453, 0, 0, 0, 0, 0, '', 0),
(128701, 28529, 0, 0, 609, 0, 0, 1, 2, 1, 1429.12, -5739.84, 131.292, 4.66003, 360, 0, 0, 2453, 0, 0, 0, 0, 0, '', 0),
(128702, 28529, 0, 0, 609, 0, 0, 1, 2, 1, 1412.65, -5748.1, 131.645, 5.3058, 360, 0, 0, 2453, 0, 0, 0, 0, 0, '', 0),
(128703, 28529, 0, 0, 609, 0, 0, 1, 2, 1, 1847, -6006.28, 149.818, 6.25651, 360, 5, 0, 2453, 0, 1, 0, 0, 0, '', 0),
(128704, 28529, 0, 0, 609, 0, 0, 1, 2, 1, 1801.89, -5788.84, 149.687, 3.98916, 360, 5, 0, 2453, 0, 1, 0, 0, 0, '', 0),
(128705, 28529, 0, 0, 609, 0, 0, 1, 2, 1, 1584.61, -5783.98, 117.775, 3.1504, 360, 5, 0, 2453, 0, 1, 0, 0, 0, '', 0),
(128706, 28529, 0, 0, 609, 0, 0, 1, 2, 1, 1579.92, -5779.67, 117.372, 3.35201, 360, 5, 0, 2453, 0, 1, 0, 0, 0, '', 0),
(128707, 28529, 0, 0, 609, 0, 0, 1, 2, 1, 1584.06, -5782.33, 117.622, 3.16839, 360, 5, 0, 2453, 0, 1, 0, 0, 0, '', 0),
(128708, 28529, 0, 0, 609, 0, 0, 1, 2, 1, 1581.52, -5780.05, 117.247, 3.27717, 360, 5, 0, 2453, 0, 1, 0, 0, 0, '', 0),
(128709, 28529, 0, 0, 609, 0, 0, 1, 2, 1, 1581.22, -5789.44, 119.122, 3.51213, 360, 5, 0, 2453, 0, 1, 0, 0, 0, '', 0),
(128710, 28529, 0, 0, 609, 0, 0, 1, 2, 1, 1583.91, -5787.32, 118.636, 3.24043, 360, 5, 0, 2453, 0, 1, 0, 0, 0, '', 0),
(128711, 28529, 0, 0, 609, 0, 0, 1, 2, 1, 1582.99, -5780.96, 117.372, 3.21572, 360, 5, 0, 2453, 0, 1, 0, 0, 0, '', 0),
(128712, 28529, 0, 0, 609, 0, 0, 1, 2, 1, 1582.75, -5788.62, 118.997, 3.3626, 360, 5, 0, 2453, 0, 1, 0, 0, 0, '', 0),
(128713, 28529, 0, 0, 609, 0, 0, 1, 2, 1, 1584.55, -5785.71, 118.122, 3.17038, 360, 5, 0, 2453, 0, 1, 0, 0, 0, '', 0),
(128714, 28529, 0, 0, 609, 0, 0, 1, 2, 1, 1659.14, -5965.93, 131.109, 1.5708, 360, 0, 0, 2453, 0, 0, 0, 0, 0, '', 0),
(128715, 28529, 0, 0, 609, 0, 0, 1, 2, 1, 1658.72, -5977.61, 132.879, 1.46608, 360, 0, 0, 2453, 0, 0, 0, 0, 0, '', 0),
(128716, 28529, 0, 0, 609, 0, 0, 1, 2, 1, 1835.75, -5910.72, 107.673, 0.122173, 360, 0, 0, 2453, 0, 0, 0, 0, 0, '', 0),
(128717, 28529, 0, 0, 609, 0, 0, 1, 2, 1, 1817.54, -5972.29, 116.23, 2.11185, 360, 0, 0, 2453, 0, 0, 0, 0, 0, '', 0),
(128718, 28529, 0, 0, 609, 0, 0, 1, 2, 1, 1800.3, -5942.4, 116.218, 0.680678, 360, 0, 0, 2453, 0, 0, 0, 0, 0, '', 0),
(128719, 28529, 0, 0, 609, 0, 0, 1, 2, 1, 1812.18, -5937.88, 115.343, 2.61799, 360, 0, 0, 2453, 0, 0, 0, 0, 0, '', 0),
(128720, 28529, 0, 0, 609, 0, 0, 1, 2, 1, 1803.94, -5927.79, 115.743, 4.5614, 360, 0, 0, 2453, 0, 0, 0, 0, 0, '', 0),
(128721, 28529, 0, 0, 609, 0, 0, 1, 2, 1, 1802.77, -5970.86, 116.097, 0.087266, 360, 0, 0, 2453, 0, 0, 0, 0, 0, '', 0),
(128722, 28529, 0, 0, 609, 0, 0, 1, 2, 1, 1769.33, -5927.8, 116.23, 0.785398, 360, 0, 0, 2453, 0, 0, 0, 0, 0, '', 0),
(128723, 28529, 0, 0, 609, 0, 0, 1, 2, 1, 1824.71, -5802.46, 103.711, 5.89921, 360, 0, 0, 2453, 0, 0, 0, 0, 0, '', 0),
(128724, 28529, 0, 0, 609, 0, 0, 1, 2, 1, 1825.85, -5832.01, 102.684, 0.471239, 360, 0, 0, 2453, 0, 0, 0, 0, 0, '', 0),
(128725, 28529, 0, 0, 609, 0, 0, 1, 2, 1, 1819.79, -5842.69, 116.069, 6.24828, 360, 0, 0, 2453, 0, 0, 0, 0, 0, '', 0),
(128726, 28529, 0, 0, 609, 0, 0, 1, 2, 1, 1815.02, -5796.96, 115.92, 5.84685, 360, 0, 0, 2453, 0, 0, 0, 0, 0, '', 0),
(128727, 28529, 0, 0, 609, 0, 0, 1, 2, 1, 1821.21, -5867.78, 114.423, 0.628319, 360, 0, 0, 2453, 0, 0, 0, 0, 0, '', 0),
(128728, 28529, 0, 0, 609, 0, 0, 1, 2, 1, 1804.49, -5837.15, 117.812, 0.331613, 360, 0, 0, 2453, 0, 0, 0, 0, 0, '', 0),
(128729, 28529, 0, 0, 609, 0, 0, 1, 2, 1, 1803.19, -5801.16, 115.589, 6.05629, 360, 0, 0, 2453, 0, 0, 0, 0, 0, '', 0),
(128730, 28529, 0, 0, 609, 0, 0, 1, 2, 1, 1834.84, -5850.62, 101.429, 0.331613, 360, 0, 0, 2453, 0, 0, 0, 0, 0, '', 0),
(128731, 28529, 0, 0, 609, 0, 0, 1, 2, 1, 1811.17, -5831.13, 106.586, 0.174533, 360, 0, 0, 2453, 0, 0, 0, 0, 0, '', 0),
(128732, 28529, 0, 0, 609, 0, 0, 1, 2, 1, 1836.33, -5800.06, 102.084, 5.46288, 360, 0, 0, 2453, 0, 0, 0, 0, 0, '', 0),
(128733, 28529, 0, 0, 609, 0, 0, 1, 2, 1, 1647.17, -5946.36, 124.887, 6.23082, 360, 0, 0, 2453, 0, 0, 0, 0, 0, '', 0),
(128734, 28529, 0, 0, 609, 0, 0, 1, 2, 1, 1647.04, -5954.02, 127.199, 6.03884, 360, 0, 0, 2453, 0, 0, 0, 0, 0, '', 0);


DELETE FROM `creature` WHERE (`id1` = 28530) AND (`guid` IN (128735, 128736, 128737));
INSERT INTO `creature` (`guid`, `id1`, `id2`, `id3`, `map`, `zoneId`, `areaId`, `spawnMask`, `phaseMask`, `equipment_id`, `position_x`, `position_y`, `position_z`, `orientation`, `spawntimesecs`, `wander_distance`, `currentwaypoint`, `curhealth`, `curmana`, `MovementType`, `npcflag`, `unit_flags`, `dynamicflags`, `ScriptName`, `VerifiedBuild`) VALUES
(128735, 28530, 0, 0, 609, 0, 0, 1, 2, 1, 1756.15, -5834.7, 116.581, 3.28698, 360, 5, 0, 2699, 0, 1, 0, 0, 0, '', 0),
(128736, 28530, 0, 0, 609, 0, 0, 1, 2, 1, 1576.89, -5785.6, 118.985, 3.45933, 360, 5, 0, 2699, 0, 1, 0, 0, 0, '', 0),
(128737, 28530, 0, 0, 609, 0, 0, 1, 2, 1, 1783.69, -5806.35, 114.375, 0.129247, 360, 5, 0, 2699, 0, 1, 0, 0, 0, '', 0);


DELETE FROM `creature` WHERE (`id1` = 28594) AND (`guid` IN (129165, 129168, 129169, 129170, 129171));
INSERT INTO `creature` (`guid`, `id1`, `id2`, `id3`, `map`, `zoneId`, `areaId`, `spawnMask`, `phaseMask`, `equipment_id`, `position_x`, `position_y`, `position_z`, `orientation`, `spawntimesecs`, `wander_distance`, `currentwaypoint`, `curhealth`, `curmana`, `MovementType`, `npcflag`, `unit_flags`, `dynamicflags`, `ScriptName`, `VerifiedBuild`) VALUES
(129165, 28594, 0, 0, 609, 0, 0, 1, 2, 1, 1488.34, -5813.33, 131.335, 1.72098, 360, 5, 0, 1717, 4765, 1, 0, 0, 0, '', 0),
(129168, 28594, 0, 0, 609, 0, 0, 1, 2, 1, 1433.52, -5842.07, 131.326, 2.33314, 360, 5, 0, 1717, 4765, 1, 0, 0, 0, '', 0),
(129169, 28594, 0, 0, 609, 0, 0, 1, 2, 1, 1360.45, -5683.81, 138.761, 5.71783, 360, 0, 0, 1717, 4765, 0, 0, 0, 0, '', 0),
(129170, 28594, 0, 0, 609, 0, 0, 1, 2, 1, 1378.12, -5696.32, 137.967, 5.67016, 360, 5, 0, 1717, 4765, 1, 0, 0, 0, '', 0),
(129171, 28594, 0, 0, 609, 0, 0, 1, 2, 1, 1390.57, -5703.68, 136.319, 5.42385, 360, 5, 0, 1717, 4765, 1, 0, 0, 0, '', 0);


DELETE FROM `creature` WHERE (`id1` = 28683) AND (`guid` IN (128455));
INSERT INTO `creature` (`guid`, `id1`, `id2`, `id3`, `map`, `zoneId`, `areaId`, `spawnMask`, `phaseMask`, `equipment_id`, `position_x`, `position_y`, `position_z`, `orientation`, `spawntimesecs`, `wander_distance`, `currentwaypoint`, `curhealth`, `curmana`, `MovementType`, `npcflag`, `unit_flags`, `dynamicflags`, `ScriptName`, `VerifiedBuild`) VALUES
(128455, 28683, 0, 0, 609, 0, 0, 1, 3, 1, 2194.4, -5805.49, 101.414, 3.50439, 360, 0, 0, 40485, 0, 0, 0, 0, 0, '', 0);


DELETE FROM `creature` WHERE (`id1` = 28605) AND (`guid` IN (129202, 129203, 129204, 129205, 129206, 129207, 129208, 129210, 129211, 129212, 129213, 129214, 129215, 129216, 129217));
INSERT INTO `creature` (`guid`, `id1`, `id2`, `id3`, `map`, `zoneId`, `areaId`, `spawnMask`, `phaseMask`, `equipment_id`, `position_x`, `position_y`, `position_z`, `orientation`, `spawntimesecs`, `wander_distance`, `currentwaypoint`, `curhealth`, `curmana`, `MovementType`, `npcflag`, `unit_flags`, `dynamicflags`, `ScriptName`, `VerifiedBuild`) VALUES
(129202, 28605, 0, 0, 609, 0, 0, 1, 3, 0, 2206.62, -5840.55, 101.48, 1.43117, 360, 0, 0, 2453, 0, 0, 0, 0, 0, '', 0),
(129203, 28605, 0, 0, 609, 0, 0, 1, 3, 0, 2199.98, -5871.52, 101.408, 4.34587, 360, 0, 0, 2453, 0, 0, 0, 0, 0, '', 0),
(129204, 28605, 0, 0, 609, 0, 0, 1, 3, 0, 2209.9, -5840.27, 101.428, 2.35619, 360, 0, 0, 2453, 0, 0, 0, 0, 0, '', 0),
(129205, 28605, 0, 0, 609, 0, 0, 1, 3, 0, 2221.63, -5881.24, 101.211, 4.74729, 360, 0, 0, 2453, 0, 0, 0, 0, 0, '', 0),
(129206, 28605, 0, 0, 609, 0, 0, 1, 3, 0, 2204.79, -5840.43, 101.576, 1.13446, 360, 0, 0, 2453, 0, 0, 0, 0, 0, '', 0),
(129207, 28605, 0, 0, 609, 0, 0, 1, 3, 0, 2208.6, -5833.48, 101.428, 4.7822, 360, 0, 0, 2453, 0, 0, 0, 0, 0, '', 0),
(129208, 28605, 0, 0, 609, 0, 0, 1, 3, 0, 2220.45, -5822.88, 101.64, 2.61307, 360, 0, 0, 2453, 0, 0, 0, 0, 0, '', 0),
(129210, 28605, 0, 0, 609, 0, 0, 1, 3, 0, 2229.51, -5826.64, 101.553, 2.28003, 360, 0, 0, 2453, 0, 0, 0, 0, 0, '', 0),
(129211, 28605, 0, 0, 609, 0, 0, 1, 3, 0, 2228.12, -5818.03, 101.445, 1.43117, 360, 0, 0, 2453, 0, 0, 0, 0, 0, '', 0),
(129212, 28605, 0, 0, 609, 0, 0, 1, 3, 0, 2216.18, -5817.08, 101.699, 2.27197, 360, 0, 0, 2453, 0, 0, 0, 0, 0, '', 0),
(129213, 28605, 0, 0, 609, 0, 0, 1, 3, 0, 2232.95, -5814.65, 101.368, 2.35619, 360, 0, 0, 2453, 0, 0, 0, 0, 0, '', 0),
(129214, 28605, 0, 0, 609, 0, 0, 1, 3, 0, 1937.11, -5932.11, 103.181, 3.04377, 360, 0, 0, 2453, 0, 0, 0, 0, 0, '', 0),
(129215, 28605, 0, 0, 609, 0, 0, 1, 3, 0, 1943.05, -5942.33, 101.821, 3.44761, 360, 0, 0, 2453, 0, 0, 0, 0, 0, '', 0),
(129216, 28605, 0, 0, 609, 0, 0, 1, 3, 0, 2217.97, -5872.44, 101.34, 3.24631, 360, 0, 0, 2453, 0, 0, 0, 0, 0, '', 0),
(129217, 28605, 0, 0, 609, 0, 0, 1, 3, 0, 2217.34, -5873.99, 101.251, 0.593412, 360, 0, 0, 2453, 0, 0, 0, 0, 0, '', 0);


DELETE FROM `creature` WHERE (`id1` = 28606) AND (`guid` IN (129220, 129221, 129222, 129223, 129224, 129225, 129226, 129227, 129228, 129229, 129230, 129231, 129232, 129233, 129234, 129235, 129236, 129237));
INSERT INTO `creature` (`guid`, `id1`, `id2`, `id3`, `map`, `zoneId`, `areaId`, `spawnMask`, `phaseMask`, `equipment_id`, `position_x`, `position_y`, `position_z`, `orientation`, `spawntimesecs`, `wander_distance`, `currentwaypoint`, `curhealth`, `curmana`, `MovementType`, `npcflag`, `unit_flags`, `dynamicflags`, `ScriptName`, `VerifiedBuild`) VALUES
(129220, 28606, 0, 0, 609, 0, 0, 1, 3, 0, 2221.94, -5888.14, 101.022, 1.69297, 360, 0, 0, 2453, 0, 0, 0, 0, 0, '', 0),
(129221, 28606, 0, 0, 609, 0, 0, 1, 3, 0, 2185.22, -5867.83, 101.395, 4.85202, 360, 0, 0, 2453, 0, 0, 0, 0, 0, '', 0),
(129222, 28606, 0, 0, 609, 0, 0, 1, 3, 0, 2197.14, -5870.83, 101.403, 4.57276, 360, 0, 0, 2453, 0, 0, 0, 0, 0, '', 0),
(129223, 28606, 0, 0, 609, 0, 0, 1, 3, 0, 2202.68, -5838.43, 101.498, 0.069813, 360, 0, 0, 2453, 0, 0, 0, 0, 0, '', 0),
(129224, 28606, 0, 0, 609, 0, 0, 1, 3, 0, 2218.83, -5888.31, 100.995, 1.58825, 360, 0, 0, 2453, 0, 0, 0, 0, 0, '', 0),
(129225, 28606, 0, 0, 609, 0, 0, 1, 3, 0, 2215.81, -5887.89, 100.89, 4.74729, 360, 0, 0, 2453, 0, 0, 0, 0, 0, '', 0),
(129226, 28606, 0, 0, 609, 0, 0, 1, 3, 0, 2203.25, -5833.98, 101.44, 5.70723, 360, 0, 0, 2453, 0, 0, 0, 0, 0, '', 0),
(129227, 28606, 0, 0, 609, 0, 0, 1, 3, 0, 2206.26, -5833.58, 101.435, 5.044, 360, 0, 0, 2453, 0, 0, 0, 0, 0, '', 0),
(129228, 28606, 0, 0, 609, 0, 0, 1, 3, 0, 2172.5, -5810.83, 101.404, 1.0821, 360, 0, 0, 2453, 0, 0, 0, 0, 0, '', 0),
(129229, 28606, 0, 0, 609, 0, 0, 1, 3, 0, 2237.33, -5860.84, 101.292, 5.42797, 360, 0, 0, 2453, 0, 0, 0, 0, 0, '', 0),
(129230, 28606, 0, 0, 609, 0, 0, 1, 3, 0, 2220.07, -5819.91, 101.765, 2.63541, 360, 0, 0, 2453, 0, 0, 0, 0, 0, '', 0),
(129231, 28606, 0, 0, 609, 0, 0, 1, 3, 0, 2177.53, -5806.44, 101.417, 3.54302, 360, 0, 0, 2453, 0, 0, 0, 0, 0, '', 0),
(129232, 28606, 0, 0, 609, 0, 0, 1, 3, 0, 2235.99, -5863.17, 101.269, 0.017453, 360, 0, 0, 2453, 0, 0, 0, 0, 0, '', 0),
(129233, 28606, 0, 0, 609, 0, 0, 1, 3, 0, 2225.69, -5815.68, 101.445, 0.488692, 360, 0, 0, 2453, 0, 0, 0, 0, 0, '', 0),
(129234, 28606, 0, 0, 609, 0, 0, 1, 3, 0, 2223.58, -5823.17, 101.684, 2.64079, 360, 0, 0, 2453, 0, 0, 0, 0, 0, '', 0),
(129235, 28606, 0, 0, 609, 0, 0, 1, 3, 0, 1882.57, -5915.29, 103.964, 2.84424, 360, 0, 0, 2453, 0, 0, 0, 0, 0, '', 0),
(129236, 28606, 0, 0, 609, 0, 0, 1, 3, 0, 1943.02, -5942.08, 101.829, 3.39494, 360, 0, 0, 2453, 0, 0, 0, 0, 0, '', 0),
(129237, 28606, 0, 0, 609, 0, 0, 1, 3, 0, 2217.44, -5875.12, 101.195, 2.74017, 360, 0, 0, 2453, 0, 0, 0, 0, 0, '', 0);


DELETE FROM `creature` WHERE (`id1` = 28607) AND (`guid` IN (129238, 129239, 129240, 129241, 129242, 129243, 129244, 129245, 129246, 129247, 129248, 129249, 129250, 129251, 129252));
INSERT INTO `creature` (`guid`, `id1`, `id2`, `id3`, `map`, `zoneId`, `areaId`, `spawnMask`, `phaseMask`, `equipment_id`, `position_x`, `position_y`, `position_z`, `orientation`, `spawntimesecs`, `wander_distance`, `currentwaypoint`, `curhealth`, `curmana`, `MovementType`, `npcflag`, `unit_flags`, `dynamicflags`, `ScriptName`, `VerifiedBuild`) VALUES
(129238, 28607, 0, 0, 609, 0, 0, 1, 3, 0, 2198.39, -5872.29, 101.404, 4.46804, 360, 0, 0, 2061, 0, 0, 0, 0, 0, '', 0),
(129239, 28607, 0, 0, 609, 0, 0, 1, 3, 0, 2186.6, -5868.27, 101.39, 4.90438, 360, 0, 0, 2061, 0, 0, 0, 0, 0, '', 0),
(129240, 28607, 0, 0, 609, 0, 0, 1, 3, 0, 2212.25, -5881.55, 101.11, 4.59022, 360, 0, 0, 2061, 0, 0, 0, 0, 0, '', 0),
(129241, 28607, 0, 0, 609, 0, 0, 1, 3, 0, 2189.17, -5870.81, 101.378, 2.00713, 360, 0, 0, 2061, 0, 0, 0, 0, 0, '', 0),
(129242, 28607, 0, 0, 609, 0, 0, 1, 3, 0, 2224.77, -5811.89, 101.434, 0.820305, 360, 0, 0, 2061, 0, 0, 0, 0, 0, '', 0),
(129243, 28607, 0, 0, 609, 0, 0, 1, 3, 0, 2222.53, -5820.97, 101.689, 2.60537, 360, 0, 0, 2061, 0, 0, 0, 0, 0, '', 0),
(129244, 28607, 0, 0, 609, 0, 0, 1, 3, 0, 2232.4, -5818.69, 101.392, 2.26893, 360, 0, 0, 2061, 0, 0, 0, 0, 0, '', 0),
(129245, 28607, 0, 0, 609, 0, 0, 1, 3, 0, 1801.43, -5922.87, 115.992, 3.1959, 360, 0, 0, 2061, 0, 0, 0, 0, 0, '', 0),
(129246, 28607, 0, 0, 609, 0, 0, 1, 3, 0, 1809.6, -5918.24, 115.742, 3.39271, 360, 0, 0, 2061, 0, 0, 0, 0, 0, '', 0),
(129247, 28607, 0, 0, 609, 0, 0, 1, 3, 0, 1804, -5915.57, 116.117, 3.55283, 360, 0, 0, 2061, 0, 0, 0, 0, 0, '', 0),
(129248, 28607, 0, 0, 609, 0, 0, 1, 3, 0, 1808.22, -5915.08, 115.992, 3.51055, 360, 0, 0, 2061, 0, 0, 0, 0, 0, '', 0),
(129249, 28607, 0, 0, 609, 0, 0, 1, 3, 0, 1809.19, -5910.84, 116.117, 3.62435, 360, 0, 0, 2061, 0, 0, 0, 0, 0, '', 0),
(129250, 28607, 0, 0, 609, 0, 0, 1, 3, 0, 2187.83, -5868.67, 101.387, 4.03171, 360, 0, 0, 2061, 0, 0, 0, 0, 0, '', 0),
(129251, 28607, 0, 0, 609, 0, 0, 1, 3, 0, 1883.15, -5919.47, 104.107, 2.96698, 360, 0, 0, 2061, 0, 0, 0, 0, 0, '', 0),
(129252, 28607, 0, 0, 609, 0, 0, 1, 3, 0, 2217.39, -5876.5, 101.149, 4.81711, 360, 0, 0, 2061, 0, 0, 0, 0, 0, '', 0);


DELETE FROM `creature` WHERE (`id1` = 28766) AND (`guid` IN (128583, 128584, 128585, 128586, 128587, 128588, 128589));
INSERT INTO `creature` (`guid`, `id1`, `id2`, `id3`, `map`, `zoneId`, `areaId`, `spawnMask`, `phaseMask`, `equipment_id`, `position_x`, `position_y`, `position_z`, `orientation`, `spawntimesecs`, `wander_distance`, `currentwaypoint`, `curhealth`, `curmana`, `MovementType`, `npcflag`, `unit_flags`, `dynamicflags`, `ScriptName`, `VerifiedBuild`) VALUES
(128583, 28766, 0, 0, 609, 0, 0, 1, 3, 0, 1987.5, -5883.39, 100.564, 5.46923, 360, 5, 0, 3166, 0, 1, 0, 0, 0, '', 0),
(128584, 28766, 0, 0, 609, 0, 0, 1, 3, 0, 2003.05, -5808.19, 100.622, 2.8818, 360, 5, 0, 3166, 0, 1, 0, 0, 0, '', 0),
(128585, 28766, 0, 0, 609, 0, 0, 1, 3, 0, 2040.82, -5860.87, 101.952, 4.04966, 360, 5, 0, 3166, 0, 1, 0, 0, 0, '', 0),
(128586, 28766, 0, 0, 609, 0, 0, 1, 3, 0, 2038.46, -5819.82, 101.077, 2.48025, 360, 5, 0, 3166, 0, 1, 0, 0, 0, '', 0),
(128587, 28766, 0, 0, 609, 0, 0, 1, 3, 0, 1942.06, -5844.51, 100.46, 2.30198, 360, 5, 0, 3166, 0, 1, 0, 0, 0, '', 0),
(128588, 28766, 0, 0, 609, 0, 0, 1, 3, 0, 1954.05, -5795.72, 100.577, 3.5129, 360, 0, 0, 3166, 0, 0, 0, 0, 0, '', 0),
(128589, 28766, 0, 0, 609, 0, 0, 1, 3, 0, 1980.62, -5840.77, 100.675, 2.58611, 360, 5, 0, 3166, 0, 1, 0, 0, 0, '', 0);


DELETE FROM `creature` WHERE (`id1` = 29501) AND (`guid` IN (128509, 128510));
INSERT INTO `creature` (`guid`, `id1`, `id2`, `id3`, `map`, `zoneId`, `areaId`, `spawnMask`, `phaseMask`, `equipment_id`, `position_x`, `position_y`, `position_z`, `orientation`, `spawntimesecs`, `wander_distance`, `currentwaypoint`, `curhealth`, `curmana`, `MovementType`, `npcflag`, `unit_flags`, `dynamicflags`, `ScriptName`, `VerifiedBuild`) VALUES
(128509, 29501, 0, 0, 609, 0, 0, 1, 71, 0, 2402.86, -5727.03, 154.007, 5.44543, 360, 0, 0, 4906, 0, 0, 0, 0, 0, '', 0),
(128510, 29501, 0, 0, 609, 0, 0, 1, 71, 0, 2409.09, -5722.37, 154.005, 4.67748, 360, 0, 0, 4906, 0, 0, 0, 0, 0, '', 0);


DELETE FROM `creature` WHERE (`id1` = 28614) AND (`guid` IN (129308, 129309));
INSERT INTO `creature` (`guid`, `id1`, `id2`, `id3`, `map`, `zoneId`, `areaId`, `spawnMask`, `phaseMask`, `equipment_id`, `position_x`, `position_y`, `position_z`, `orientation`, `spawntimesecs`, `wander_distance`, `currentwaypoint`, `curhealth`, `curmana`, `MovementType`, `npcflag`, `unit_flags`, `dynamicflags`, `ScriptName`, `VerifiedBuild`) VALUES
(129308, 28614, 0, 0, 609, 0, 0, 1, 3, 0, 2108.16, -5741.88, 133.479, 1.31535, 360, 0, 0, 2453, 0, 2, 0, 0, 0, '', 0),
(129309, 28614, 0, 0, 609, 0, 0, 1, 3, 0, 2111.38, -5719.66, 143.603, 5.92124, 360, 0, 0, 2453, 0, 2, 0, 0, 0, '', 0);
